Tamanho	MS	QS
1000	0.000977	0
2000	0.000976	0
3000	0.000977	0.000976
4000	0.000977	0.000977
5000	0.000977	0.000976
6000	0.001953	0.001954
7000	0.001953	0.001953
8000	0.001953	0.001953
9000	0.00293	0.002929
10000	0.00293	0.00293
11000	0.003906	0.00293
12000	0.003906	0.00293
13000	0.003906	0.00293
14000	0.004882	0.00293
15000	0.004883	0.003906
16000	0.005859	0.003906
17000	0.004883	0.004883
18000	0.00586	0.003906
19000	0.006836	0.004883
20000	0.006836	0.004882
21000	0.006836	0.005859
22000	0.007812	0.016602
23000	0.010742	0.004883
24000	0.007813	0.005859
25000	0.007813	0.00586
26000	0.008789	0.006836
27000	0.016601	0.006836
28000	0.009766	0.006835
29000	0.009766	0.007812
30000	0.009765	0.007813
31000	0.010742	0.007813
32000	0.011719	0.007812
33000	0.014648	0.00879
34000	0.011718	0.008789
35000	0.011719	0.009765
36000	0.012695	0.008789
37000	0.011719	0.009765
38000	0.012695	0.009765
39000	0.013671	0.009766
40000	0.013672	0.010742
41000	0.013672	0.010742
42000	0.014648	0.010742
43000	0.014648	0.008789
44000	0.015625	0.015625
45000	0.020508	0.011719
46000	0.015625	0.012695
47000	0.015625	0.012695
48000	0.016602	0.012695
49000	0.017578	0.012695
50000	0.017578	0.019531
51000	0.023438	0.015625
52000	0.023437	0.015625
53000	0.015625	0.015625
54000	0.026368	0.013672
55000	0.019531	0.015625
56000	0.02832	0.014648
57000	0.019531	0.014648
58000	0.020508	0.014648
59000	0.020508	0.016601
60000	0.02832	0.019531
61000	0.032227	0.015625
62000	0.033204	0.015625
63000	0.023437	0.015625
64000	0.015625	0.023437
65000	0.035156	0.017578
66000	0.023438	0.017578
67000	0.023438	0.017578
68000	0.023438	0.018554
69000	0.024414	0.018555
70000	0.024414	0.018555
71000	0.02832	0.015625
72000	0.029297	0.018555
73000	0.026368	0.019531
74000	0.025391	0.019531
75000	0.02832	0.023438
76000	0.03125	0.023437
77000	0.03125	0.015625
78000	0.023437	0.023438
79000	0.037109	0.021485
80000	0.02832	0.021485
81000	0.02832	0.022461
82000	0.028321	0.022461
83000	0.030273	0.023438
84000	0.030273	0.019531
85000	0.03125	0.024414
86000	0.030273	0.023438
87000	0.03125	0.023438
88000	0.032227	0.023437
89000	0.03125	0.023437
90000	0.040039	0.023437
91000	0.03125	0.023437
92000	0.039063	0.023437
93000	0.039063	0.023437
94000	0.03125	0.023437
95000	0.03125	0.023437
96000	0.039062	0.023438
97000	0.03125	0.023438
98000	0.039063	0.023437
99000	0.03125	0.03125
100000	0.039062	0.023438
101000	0.039063	0.023437
102000	0.039062	0.023438
103000	0.039063	0.023437
104000	0.039062	0.03125
105000	0.039063	0.03125
106000	0.039062	0.03125
107000	0.039062	0.023438
108000	0.039063	0.03125
109000	0.039063	0.023437
110000	0.039062	0.03125
111000	0.039062	0.03125
112000	0.039062	0.03125
113000	0.039062	0.03125
114000	0.047851	0.03125
115000	0.039062	0.03125
116000	0.039062	0.03125
117000	0.039062	0.03125
118000	0.046875	0.03125
119000	0.046875	0.03125
120000	0.046875	0.03125
121000	0.039062	0.03125
122000	0.046875	0.03125
123000	0.046875	0.03125
124000	0.046875	0.03125
125000	0.046875	0.03125
126000	0.046875	0.03125
127000	0.046875	0.03125
128000	0.046875	0.039062
129000	0.046875	0.03125
130000	0.046875	0.039063
131000	0.046875	0.03125
132000	0.046875	0.039062
133000	0.046875	0.039062
134000	0.046875	0.039062
135000	0.046875	0.039062
136000	0.054687	0.03125
137000	0.054687	0.03125
138000	0.054687	0.039063
139000	0.046875	0.039063
140000	0.054688	0.039062
141000	0.046875	0.039062
142000	0.054687	0.039063
143000	0.063477	0.03125
144000	0.054688	0.039062
145000	0.054687	0.039063
146000	0.054688	0.039062
147000	0.054687	0.039063
148000	0.0625	0.039063
149000	0.054688	0.039062
150000	0.054687	0.039063
151000	0.0625	0.039063
152000	0.054688	0.039062
153000	0.054688	0.039062
154000	0.0625	0.039062
155000	0.0625	0.045898
156000	0.058594	0.042969
157000	0.0625	0.049805
158000	0.058593	0.042969
159000	0.059571	0.042969
160000	0.05957	0.042969
161000	0.067383	0.043945
162000	0.060547	0.049804
163000	0.060546	0.043945
164000	0.0625	0.041016
165000	0.0625	0.044921
166000	0.0625	0.048828
167000	0.0625	0.047851
168000	0.063477	0.045898
169000	0.072266	0.045898
170000	0.064453	0.048828
171000	0.072266	0.046875
172000	0.064453	0.045899
173000	0.075196	0.046875
174000	0.066407	0.048828
175000	0.070313	0.046875
176000	0.066406	0.058594
177000	0.067383	0.047851
178000	0.063476	0.047851
179000	0.067383	0.058594
180000	0.069336	0.047852
181000	0.073243	0.049804
182000	0.069336	0.048828
183000	0.076172	0.048828
184000	0.070313	0.052735
185000	0.069336	0.049805
186000	0.091797	0.049804
187000	0.070312	0.0625
188000	0.077149	0.050781
189000	0.069336	0.05957
190000	0.073242	0.053711
191000	0.075195	0.051758
192000	0.075195	0.058594
193000	0.072265	0.056641
194000	0.088867	0.051758
195000	0.084961	0.052734
196000	0.074219	0.052734
197000	0.077148	0.054687
198000	0.078125	0.046875
199000	0.070312	0.054688
200000	0.080078	0.054688
201000	0.079102	0.064453
202000	0.078125	0.054687
203000	0.088867	0.054688
204000	0.078125	0.054688
205000	0.078125	0.054687
206000	0.086914	0.0625
207000	0.085938	0.054687
208000	0.078125	0.054687
209000	0.078125	0.054688
210000	0.078125	0.054687
211000	0.078125	0.0625
212000	0.078125	0.0625
213000	0.085938	0.054687
214000	0.078125	0.054688
215000	0.085937	0.054688
216000	0.083008	0.05957
217000	0.09375	0.057617
218000	0.09082	0.060547
219000	0.083984	0.069336
220000	0.083984	0.060547
221000	0.087891	0.054687
222000	0.085938	0.063476
223000	0.085938	0.054687
224000	0.085938	0.054687
225000	0.085938	0.054687
226000	0.091797	0.061524
227000	0.092774	0.065429
228000	0.08789	0.071289
229000	0.087891	0.0625
230000	0.092773	0.0625
231000	0.102539	0.061524
232000	0.09082	0.06543
233000	0.107421	0.063477
234000	0.090821	0.0625
235000	0.091796	0.064454
236000	0.091797	0.063477
237000	0.090821	0.063477
238000	0.092773	0.076172
239000	0.09375	0.063477
240000	0.095703	0.063476
241000	0.100586	0.064453
242000	0.092773	0.064454
243000	0.09375	0.064454
244000	0.09668	0.064453
245000	0.09375	0.064453
246000	0.094726	0.066406
247000	0.094726	0.06543
248000	0.095703	0.065429
249000	0.097657	0.065429
250000	0.099609	0.074219
251000	0.096679	0.066407
252000	0.098633	0.066406
253000	0.096679	0.066406
254000	0.098633	0.069336
255000	0.099609	0.069336
256000	0.098633	0.067382
257000	0.099609	0.069336
258000	0.100586	0.06836
259000	0.102539	0.069336
260000	0.101562	0.06836
261000	0.105468	0.069336
262000	0.102539	0.069336
263000	0.102539	0.069336
264000	0.101562	0.068359
265000	0.101563	0.069336
266000	0.105469	0.070312
267000	0.105468	0.07129
268000	0.105468	0.071289
269000	0.103516	0.070312
270000	0.104493	0.071289
271000	0.104492	0.077149
272000	0.105469	0.072265
273000	0.106445	0.072266
274000	0.106445	0.073242
275000	0.133789	0.072266
276000	0.106445	0.075195
277000	0.106446	0.073242
278000	0.108399	0.073242
279000	0.109375	0.072266
280000	0.109375	0.074218
281000	0.108399	0.077148
282000	0.117188	0.075195
283000	0.109375	0.075195
284000	0.110352	0.073242
285000	0.110351	0.075195
286000	0.111329	0.078125
287000	0.112304	0.075196
288000	0.112304	0.089844
289000	0.111328	0.074219
290000	0.112305	0.077148
291000	0.125976	0.075195
292000	0.112305	0.074219
293000	0.113282	0.074218
294000	0.118164	0.075195
295000	0.114258	0.076172
296000	0.118164	0.076172
297000	0.115234	0.077149
298000	0.115234	0.077149
299000	0.115234	0.080078
300000	0.117187	0.077149
301000	0.128906	0.082032
302000	0.12207	0.079101
303000	0.121094	0.079101
304000	0.121094	0.080078
305000	0.119141	0.081055
306000	0.118164	0.079101
307000	0.121094	0.078125
308000	0.120117	0.080078
309000	0.120117	0.080078
310000	0.125977	0.081054
311000	0.121094	0.081054
312000	0.138672	0.080078
313000	0.122071	0.081054
314000	0.122071	0.083007
315000	0.12207	0.081055
316000	0.124023	0.081055
317000	0.123047	0.082031
318000	0.125977	0.082031
319000	0.180664	0.082031
320000	0.124024	0.083007
321000	0.126953	0.083008
322000	0.125	0.082031
323000	0.12793	0.083984
324000	0.125976	0.083985
325000	0.125977	0.100586
326000	0.126953	0.083985
327000	0.132813	0.083984
328000	0.126954	0.08496
329000	0.128906	0.084961
330000	0.129883	0.085938
331000	0.128907	0.089843
332000	0.138672	0.086914
333000	0.128906	0.084961
334000	0.128906	0.084961
335000	0.128906	0.084961
336000	0.131836	0.084961
337000	0.129883	0.095703
338000	0.132812	0.085938
339000	0.13086	0.086914
340000	0.143554	0.085938
341000	0.131836	0.085937
342000	0.132812	0.085938
343000	0.151367	0.09082
344000	0.136718	0.088868
345000	0.144532	0.099609
346000	0.147461	0.09375
347000	0.140625	0.085938
348000	0.140625	0.085937
349000	0.132812	0.09375
350000	0.140625	0.085938
351000	0.140625	0.085938
352000	0.140625	0.085938
353000	0.132813	0.085937
354000	0.132812	0.085937
355000	0.140625	0.09375
356000	0.148437	0.09375
357000	0.140625	0.09375
358000	0.140625	0.085937
359000	0.140625	0.09375
360000	0.140625	0.09375
361000	0.148437	0.09375
362000	0.140625	0.09375
363000	0.140625	0.09375
364000	0.148437	0.085938
365000	0.148438	0.085937
366000	0.148437	0.102539
367000	0.157226	0.085938
368000	0.140625	0.09375
369000	0.140625	0.09375
370000	0.140625	0.102539
371000	0.148437	0.085938
372000	0.157227	0.09375
373000	0.148437	0.09375
374000	0.148437	0.09375
375000	0.148437	0.09375
376000	0.148438	0.09375
377000	0.148438	0.09375
378000	0.148437	0.101563
379000	0.148437	0.09375
380000	0.148437	0.09375
381000	0.148437	0.09375
382000	0.148437	0.09375
383000	0.148437	0.101563
384000	0.15625	0.110351
385000	0.168945	0.102539
386000	0.15625	0.09375
387000	0.148438	0.101562
388000	0.148437	0.118164
389000	0.15625	0.09375
390000	0.15625	0.09375
391000	0.148438	0.101562
392000	0.148437	0.101563
393000	0.15625	0.09375
394000	0.15625	0.09375
395000	0.15625	0.101563
396000	0.15625	0.101562
397000	0.148437	0.101563
398000	0.15625	0.101563
399000	0.15625	0.101563
400000	0.15625	0.101563
401000	0.164062	0.09375
402000	0.15625	0.109375
403000	0.15625	0.101563
404000	0.15625	0.101563
405000	0.15625	0.101563
406000	0.164063	0.101562
407000	0.164062	0.101563
408000	0.15625	0.110352
409000	0.164063	0.101562
410000	0.164062	0.101563
411000	0.164063	0.101562
412000	0.164062	0.110352
413000	0.164063	0.101562
414000	0.171875	0.101562
415000	0.164062	0.101563
416000	0.164063	0.101562
417000	0.171875	0.101562
418000	0.164062	0.101563
419000	0.171875	0.101563
420000	0.164063	0.117187
421000	0.171875	0.101562
422000	0.168946	0.101562
423000	0.164063	0.110351
424000	0.171875	0.109375
425000	0.171875	0.101563
426000	0.171875	0.109375
427000	0.164062	0.12793
428000	0.191406	0.118164
429000	0.164062	0.109375
430000	0.171875	0.101562
431000	0.171875	0.134765
432000	0.171875	0.109375
433000	0.171875	0.101563
434000	0.179688	0.101562
435000	0.171875	0.109375
436000	0.179688	0.109375
437000	0.179688	0.101562
438000	0.171875	0.223633
439000	0.18164	0.120117
440000	0.219726	0.109375
441000	0.180664	0.118164
442000	0.171875	0.109375
443000	0.179687	0.109375
444000	0.179687	0.109375
445000	0.171875	0.117187
446000	0.171875	0.117187
447000	0.179687	0.109375
448000	0.188476	0.109375
449000	0.179687	0.109375
450000	0.1875	0.109375
451000	0.179688	0.125976
452000	0.206054	0.117188
453000	0.208008	0.109375
454000	0.196289	0.117187
455000	0.179688	0.117187
456000	0.200195	0.125
457000	0.211914	0.117188
458000	0.211914	0.137696
459000	0.179687	0.109375
460000	0.1875	0.125
461000	0.195313	0.125
462000	0.195312	0.141602
463000	0.209961	0.125
464000	0.203125	0.117188
465000	0.1875	0.117188
466000	0.217773	0.149415
467000	0.210937	0.132813
468000	0.1875	0.117188
469000	0.195313	0.132812
470000	0.1875	0.117187
471000	0.233398	0.128906
472000	0.1875	0.109375
473000	0.195313	0.109375
474000	0.1875	0.117188
475000	0.1875	0.117188
476000	0.1875	0.117187
477000	0.1875	0.117187
478000	0.1875	0.117188
479000	0.1875	0.117188
480000	0.1875	0.117187
481000	0.1875	0.117188
482000	0.195312	0.117188
483000	0.195313	0.117187
484000	0.195312	0.117188
485000	0.1875	0.125
486000	0.195313	0.117187
487000	0.195312	0.125
488000	0.199218	0.125977
489000	0.203125	0.117187
490000	0.204102	0.125
491000	0.195312	0.125
492000	0.203125	0.117187
493000	0.195313	0.133789
494000	0.195313	0.125
495000	0.195313	0.125
496000	0.195312	0.125
497000	0.195312	0.125
498000	0.195313	0.125
499000	0.203125	0.117188
500000	0.210937	0.125
