Tamanho	MS	QS
1000	0,000344	0,000309
2000	0,00051	0,000436
3000	0,000794	0,00155
4000	0,001066	0,000917
5000	0,001411	0,001185
6000	0,001683	0,001429
7000	0,002008	0,001707
8000	0,002321	0,001929
9000	0,002649	0,002208
10000	0,002967	0,002473
11000	0,00331	0,002751
12000	0,003582	0,003028
13000	0,003864	0,003342
14000	0,004268	0,003566
15000	0,004634	0,003897
16000	0,004978	0,004107
17000	0,005329	0,004467
18000	0,006632	0,004713
19000	0,005901	0,005057
20000	0,008167	0,007793
21000	0,00653	0,007336
22000	0,006658	0,005842
23000	0,007125	0,006098
24000	0,007547	0,007402
25000	0,007715	0,006712
26000	0,008181	0,007402
27000	0,008632	0,007254
28000	0,008787	0,007605
29000	0,00927	0,007901
30000	0,009584	0,009273
31000	0,009854	0,008448
32000	0,010396	0,008882
33000	0,010742	0,009144
34000	0,011019	0,009409
35000	0,01244	0,00977
36000	0,011807	0,009947
37000	0,012022	0,010249
38000	0,012417	0,010927
39000	0,013661	0,010837
40000	0,012805	0,011046
41000	0,013433	0,011459
42000	0,013701	0,011734
43000	0,015429	0,011908
44000	0,014696	0,012667
45000	0,015092	0,012622
46000	0,016179	0,012935
47000	0,015577	0,0131
48000	0,015708	0,013379
49000	0,015926	0,014923
50000	0,016638	0,014398
51000	0,017175	0,014444
52000	0,018548	0,015032
53000	0,017638	0,015036
54000	0,017963	0,015469
55000	0,019335	0,015684
56000	0,018853	0,015931
57000	0,018533	0,017373
58000	0,019081	0,016576
59000	0,019252	0,016868
60000	0,021147	0,017914
61000	0,020537	0,017572
62000	0,021056	0,018987
63000	0,021431	0,01805
64000	0,021408	0,018431
65000	0,023455	0,019357
66000	0,022081	0,019071
67000	0,024014	0,019899
68000	0,023193	0,019645
69000	0,024419	0,020162
70000	0,024042	0,020439
71000	0,02523	0,02096
72000	0,024506	0,020962
73000	0,02721	0,023564
74000	0,024859	0,021878
75000	0,02577	0,021973
76000	0,026257	0,022232
77000	0,026229	0,023135
78000	0,026497	0,02293
79000	0,026913	0,023779
80000	0,027081	0,023344
81000	0,027419	0,023654
82000	0,027666	0,023893
83000	0,028142	0,024259
84000	0,028826	0,024515
85000	0,029401	0,025172
86000	0,029693	0,025474
87000	0,029721	0,025557
88000	0,02991	0,025946
89000	0,030302	0,026242
90000	0,030717	0,026533
91000	0,031033	0,027364
92000	0,031239	0,028915
93000	0,031588	0,028162
94000	0,03237	0,028283
95000	0,032188	0,028149
96000	0,032616	0,029146
97000	0,03323	0,028589
98000	0,033144	0,028814
99000	0,033573	0,030208
100000	0,033862	0,02964
101000	0,034492	0,030961
102000	0,034902	0,030935
103000	0,035604	0,031428
104000	0,0359	0,031055
105000	0,036637	0,031342
106000	0,03655	0,031999
107000	0,037403	0,032147
108000	0,037301	0,032346
109000	0,037977	0,033493
110000	0,038592	0,033067
111000	0,038435	0,033546
112000	0,038996	0,033823
113000	0,03926	0,034022
114000	0,039108	0,034059
115000	0,040011	0,034646
116000	0,039963	0,036746
117000	0,04054	0,036197
118000	0,04102	0,035498
119000	0,041783	0,03673
120000	0,041915	0,036195
121000	0,042329	0,036656
122000	0,042998	0,037058
123000	0,043424	0,037254
124000	0,043518	0,037604
125000	0,043699	0,038053
126000	0,044478	0,038104
127000	0,044491	0,038278
128000	0,045562	0,03922
129000	0,045933	0,038873
130000	0,045457	0,039319
131000	0,046813	0,039728
132000	0,046883	0,039992
133000	0,047424	0,040565
134000	0,047861	0,040716
135000	0,047634	0,041328
136000	0,048541	0,041305
137000	0,049421	0,042046
138000	0,049531	0,042282
139000	0,050278	0,042671
140000	0,050601	0,042686
141000	0,050203	0,043274
142000	0,050333	0,045034
143000	0,051351	0,043834
144000	0,051461	0,044245
145000	0,051516	0,044477
146000	0,051961	0,045168
147000	0,052206	0,045596
148000	0,052514	0,045851
149000	0,052823	0,046168
150000	0,053771	0,046645
151000	0,053562	0,046831
152000	0,054633	0,047418
153000	0,054513	0,047307
154000	0,055297	0,047379
155000	0,055478	0,047661
156000	0,055782	0,048058
157000	0,056217	0,048261
158000	0,056133	0,049874
159000	0,056447	0,048942
160000	0,056876	0,050128
161000	0,0568	0,051238
162000	0,057444	0,049729
163000	0,057751	0,05136
164000	0,058057	0,05065
165000	0,059029	0,050657
166000	0,05918	0,051307
167000	0,060386	0,051307
168000	0,06041	0,052934
169000	0,061051	0,052617
170000	0,060438	0,053293
171000	0,061339	0,053886
172000	0,061317	0,053399
173000	0,062102	0,053742
174000	0,062151	0,053992
175000	0,062579	0,054133
176000	0,0628	0,054719
177000	0,063415	0,054942
178000	0,064234	0,055139
179000	0,064237	0,055575
180000	0,06434	0,056061
181000	0,064779	0,056029
182000	0,065306	0,056474
183000	0,065538	0,057064
184000	0,065894	0,05695
185000	0,066369	0,057922
186000	0,066574	0,05833
187000	0,066773	0,057896
188000	0,066958	0,05836
189000	0,067282	0,059103
190000	0,068621	0,058818
191000	0,068118	0,05999
192000	0,068567	0,059847
193000	0,069002	0,059773
194000	0,06943	0,060406
195000	0,069787	0,060484
196000	0,069517	0,060711
197000	0,069617	0,061317
198000	0,070504	0,062199
199000	0,071084	0,062748
200000	0,071344	0,062314
201000	0,072066	0,063855
202000	0,072955	0,063204
203000	0,073348	0,063731
204000	0,074234	0,06419
205000	0,074157	0,064149
206000	0,074777	0,065021
207000	0,074849	0,064874
208000	0,075755	0,066205
209000	0,075636	0,066653
210000	0,075841	0,066512
211000	0,076755	0,066749
212000	0,076794	0,066775
213000	0,077662	0,067269
214000	0,077368	0,067654
215000	0,077395	0,067938
216000	0,078665	0,069234
217000	0,079229	0,068597
218000	0,079233	0,07005
219000	0,079489	0,069126
220000	0,079551	0,06977
221000	0,079501	0,069876
222000	0,080978	0,070134
223000	0,081575	0,071495
224000	0,081352	0,073399
225000	0,082171	0,071313
226000	0,08116	0,072302
227000	0,081863	0,072005
228000	0,081895	0,072683
229000	0,082416	0,072415
230000	0,082846	0,072958
231000	0,082995	0,07351
232000	0,084132	0,075125
233000	0,084109	0,073772
234000	0,084837	0,07509
235000	0,085352	0,074677
236000	0,08597	0,074804
237000	0,086582	0,075315
238000	0,086745	0,076311
239000	0,086969	0,077177
240000	0,087683	0,076214
241000	0,088526	0,076598
242000	0,088746	0,077559
243000	0,088872	0,078276
244000	0,089607	0,078625
245000	0,089919	0,07769
246000	0,090208	0,078196
247000	0,090168	0,081473
248000	0,092895	0,078994
249000	0,092236	0,079236
250000	0,092136	0,080361
251000	0,092184	0,081933
252000	0,092656	0,081642
253000	0,093312	0,080618
254000	0,094234	0,081129
255000	0,093651	0,081283
256000	0,094873	0,081469
257000	0,095071	0,084673
258000	0,094544	0,083567
259000	0,094905	0,083544
260000	0,095802	0,082865
261000	0,096079	0,084361
262000	0,096386	0,083706
263000	0,097906	0,083995
264000	0,097355	0,084309
265000	0,098467	0,085067
266000	0,098783	0,085919
267000	0,099491	0,08695
268000	0,100084	0,086192
269000	0,100238	0,087905
270000	0,10014	0,087123
271000	0,100463	0,087477
272000	0,101121	0,089451
273000	0,102087	0,087856
274000	0,102299	0,090536
275000	0,10259	0,088594
276000	0,101973	0,088974
277000	0,103471	0,089696
278000	0,103427	0,090288
279000	0,103253	0,090156
280000	0,104375	0,09024
281000	0,104091	0,092187
282000	0,104919	0,091371
283000	0,105978	0,091655
284000	0,105654	0,093893
285000	0,106821	0,092138
286000	0,107915	0,094849
287000	0,10781	0,094
288000	0,108595	0,093154
289000	0,107828	0,09344
290000	0,108292	0,093687
291000	0,107815	0,09443
292000	0,108872	0,094443
293000	0,109022	0,094755
294000	0,109689	0,0952
295000	0,108685	0,096034
296000	0,109956	0,095457
297000	0,110679	0,096579
298000	0,110905	0,096409
299000	0,110507	0,096863
300000	0,111414	0,097524
301000	0,112162	0,098175
302000	0,112781	0,098158
303000	0,113729	0,099142
304000	0,113231	0,098734
305000	0,113229	0,100039
306000	0,114027	0,099308
307000	0,114229	0,100948
308000	0,114449	0,101314
309000	0,115241	0,101063
310000	0,115376	0,100683
311000	0,116607	0,101134
312000	0,116059	0,101128
313000	0,116705	0,101716
314000	0,116322	0,103245
315000	0,116835	0,102244
316000	0,117228	0,103007
317000	0,118089	0,103451
318000	0,118525	0,104246
319000	0,11849	0,103878
320000	0,118574	0,104043
321000	0,118917	0,104518
322000	0,11985	0,104917
323000	0,11966	0,105235
324000	0,120225	0,106242
325000	0,120832	0,105263
326000	0,120973	0,109318
327000	0,121419	0,106513
328000	0,121777	0,107836
329000	0,121889	0,106947
330000	0,122515	0,109609
331000	0,124125	0,108235
332000	0,124055	0,108303
333000	0,124415	0,109136
334000	0,124268	0,10973
335000	0,128715	0,115895
336000	0,131059	0,110691
337000	0,126138	0,110198
338000	0,127439	0,11306
339000	0,127811	0,111253
340000	0,128331	0,110529
341000	0,128896	0,111466
342000	0,127989	0,112373
343000	0,129388	0,112894
344000	0,135569	0,116795
345000	0,128856	0,114777
346000	0,129848	0,114255
347000	0,130081	0,113891
348000	0,130238	0,114268
349000	0,130697	0,11444
350000	0,131593	0,114311
351000	0,131959	0,115609
352000	0,131287	0,115799
353000	0,131761	0,116877
354000	0,133287	0,117196
355000	0,133027	0,116559
356000	0,13296	0,116621
357000	0,133644	0,117504
358000	0,134459	0,116909
359000	0,134026	0,118001
360000	0,134334	0,117395
361000	0,13611	0,119316
362000	0,136	0,118529
363000	0,135402	0,12039
364000	0,136031	0,120557
365000	0,136952	0,120339
366000	0,136869	0,120021
367000	0,137484	0,120681
368000	0,137118	0,12133
369000	0,13812	0,120543
370000	0,13844	0,122448
371000	0,139061	0,121838
372000	0,139081	0,122903
373000	0,140191	0,122966
374000	0,140385	0,122181
375000	0,140291	0,126837
376000	0,141437	0,123261
377000	0,142083	0,123518
378000	0,141556	0,124815
379000	0,142164	0,125472
380000	0,141587	0,126395
381000	0,142894	0,126337
382000	0,14204	0,125932
383000	0,142237	0,127612
384000	0,142741	0,126696
385000	0,143791	0,130863
386000	0,144977	0,12651
387000	0,143742	0,12968
388000	0,144001	0,128259
389000	0,144863	0,129367
390000	0,146107	0,128106
391000	0,146698	0,128855
392000	0,145864	0,128205
393000	0,146548	0,131058
394000	0,147714	0,130201
395000	0,147986	0,131998
396000	0,148007	0,129989
397000	0,149024	0,130497
398000	0,148802	0,131078
399000	0,149734	0,132481
400000	0,14983	0,132466
401000	0,151036	0,131885
402000	0,151391	0,13301
403000	0,151833	0,13438
404000	0,152414	0,133218
405000	0,152922	0,134767
406000	0,153598	0,135916
407000	0,154535	0,135209
408000	0,15508	0,134906
409000	0,157387	0,139319
410000	0,154566	0,136707
411000	0,155251	0,138734
412000	0,156187	0,136927
413000	0,156409	0,137045
414000	0,156431	0,137494
415000	0,156649	0,138805
416000	0,157106	0,138172
417000	0,157886	0,138809
418000	0,1594	0,138948
419000	0,159463	0,139602
420000	0,158912	0,139339
421000	0,15852	0,140705
422000	0,159563	0,140538
423000	0,159912	0,140744
424000	0,159656	0,141851
425000	0,160675	0,143514
426000	0,160251	0,14249
427000	0,161371	0,142209
428000	0,16188	0,14267
429000	0,161666	0,14268
430000	0,162438	0,143445
431000	0,161824	0,145849
432000	0,163424	0,143692
433000	0,164011	0,146062
434000	0,16435	0,14467
435000	0,165076	0,14503
436000	0,165358	0,146004
437000	0,16495	0,1453
438000	0,165408	0,145892
439000	0,166387	0,147119
440000	0,167692	0,14799
441000	0,166721	0,149488
442000	0,168305	0,148208
443000	0,168627	0,148083
444000	0,169716	0,148373
445000	0,168662	0,148934
446000	0,16942	0,150142
447000	0,169348	0,149736
448000	0,170121	0,153852
449000	0,169727	0,149832
450000	0,17043	0,150674
451000	0,171687	0,150972
452000	0,171309	0,150979
453000	0,172473	0,151712
454000	0,171965	0,153738
455000	0,172665	0,152511
456000	0,172132	0,153065
457000	0,174669	0,153156
458000	0,175331	0,15482
459000	0,174826	0,153211
460000	0,175865	0,155012
461000	0,173242	0,155138
462000	0,175903	0,155687
463000	0,175469	0,15522
464000	0,177646	0,154476
465000	0,177859	0,157247
466000	0,177754	0,156724
467000	0,179037	0,15799
468000	0,179095	0,160041
469000	0,178492	0,157607
470000	0,178341	0,159888
471000	0,17898	0,159259
472000	0,179284	0,157788
473000	0,179731	0,159193
474000	0,180588	0,158915
475000	0,180911	0,160666
476000	0,1821	0,159998
477000	0,183363	0,160414
478000	0,183474	0,159767
479000	0,183925	0,16394
480000	0,183034	0,161191
481000	0,183958	0,16292
482000	0,183985	0,16306
483000	0,184373	0,162741
484000	0,184503	0,163315
485000	0,18506	0,164314
486000	0,185972	0,163828
487000	0,187021	0,163362
488000	0,186423	0,16384
489000	0,186818	0,164608
490000	0,18897	0,165106
491000	0,188147	0,166067
492000	0,188412	0,165468
493000	0,188938	0,165954
494000	0,18961	0,167107
495000	0,193838	0,166671
496000	0,190911	0,165969
497000	0,191756	0,167232
498000	0,1925	0,169607
499000	0,193319	0,169025
500000	0,191891	0,17007
501000	0,19411	0,168671
502000	0,192482	0,168666
503000	0,193813	0,168846
504000	0,194651	0,169819
505000	0,194567	0,170472
506000	0,196502	0,170241
507000	0,195955	0,170103
508000	0,196388	0,171291
509000	0,19609	0,174573
510000	0,197044	0,172405
511000	0,196773	0,173196
512000	0,196686	0,172542
513000	0,197262	0,172701
514000	0,196613	0,174929
515000	0,196791	0,174331
516000	0,19852	0,173413
517000	0,199167	0,17564
518000	0,19893	0,175059
519000	0,200312	0,17623
520000	0,20029	0,17878
521000	0,201848	0,17726
522000	0,2015	0,175585
523000	0,20119	0,176889
524000	0,201193	0,176379
525000	0,201779	0,179088
526000	0,202185	0,176955
527000	0,203523	0,178421
528000	0,2045	0,178282
529000	0,204699	0,178442
530000	0,205712	0,181244
531000	0,205503	0,178899
532000	0,206984	0,179962
533000	0,206511	0,182132
534000	0,206387	0,182636
535000	0,207724	0,18142
536000	0,207452	0,181879
537000	0,20881	0,183861
538000	0,208725	0,183206
539000	0,209155	0,183087
540000	0,209538	0,184338
541000	0,210552	0,18416
542000	0,210087	0,18403
543000	0,210692	0,185172
544000	0,210944	0,18589
545000	0,211856	0,184831
546000	0,212063	0,184912
547000	0,212317	0,185587
548000	0,212193	0,185819
549000	0,214076	0,187681
550000	0,214657	0,187026
551000	0,213531	0,186947
552000	0,214935	0,188678
553000	0,215987	0,188516
554000	0,215693	0,18912
555000	0,216161	0,190976
556000	0,216836	0,189312
557000	0,216963	0,190467
558000	0,217156	0,190762
559000	0,217697	0,191708
560000	0,218026	0,190402
561000	0,218899	0,191598
562000	0,21902	0,190878
563000	0,219628	0,192708
564000	0,221122	0,195871
565000	0,221469	0,192646
566000	0,221984	0,197425
567000	0,220413	0,196932
568000	0,220856	0,193217
569000	0,221084	0,194615
570000	0,221493	0,197182
571000	0,222406	0,194534
572000	0,223172	0,194929
573000	0,225327	0,196842
574000	0,223881	0,196141
575000	0,223172	0,195869
576000	0,225342	0,19775
577000	0,224879	0,197355
578000	0,224704	0,197096
579000	0,224661	0,199508
580000	0,224856	0,199071
581000	0,22491	0,200189
582000	0,225468	0,199412
583000	0,225772	0,199457
584000	0,225731	0,198234
585000	0,226846	0,200581
586000	0,227224	0,20473
587000	0,232531	0,203656
588000	0,231314	0,203862
589000	0,228388	0,20448
590000	0,228224	0,204438
591000	0,229858	0,204421
592000	0,229186	0,202527
593000	0,230348	0,203514
594000	0,22956	0,203781
595000	0,229885	0,203385
596000	0,231927	0,205245
597000	0,231867	0,205077
598000	0,232889	0,205943
599000	0,233645	0,205666
600000	0,23465	0,206055
601000	0,234919	0,204838
602000	0,235576	0,205806
603000	0,234943	0,207643
604000	0,234994	0,208056
605000	0,234929	0,206871
606000	0,236528	0,207411
607000	0,237855	0,207511
608000	0,237112	0,208683
609000	0,235862	0,209548
610000	0,238445	0,212022
611000	0,239171	0,20997
612000	0,238111	0,212494
613000	0,239579	0,213062
614000	0,238628	0,211313
615000	0,239192	0,21088
616000	0,239351	0,210923
617000	0,240101	0,214022
618000	0,240746	0,211783
619000	0,241332	0,212171
620000	0,241365	0,212005
621000	0,2418	0,213501
622000	0,241388	0,213204
623000	0,243155	0,214412
624000	0,243433	0,216224
625000	0,242517	0,214382
626000	0,243543	0,215683
627000	0,244426	0,216195
628000	0,245122	0,216865
629000	0,244898	0,218983
630000	0,24474	0,218741
631000	0,246535	0,2159
632000	0,245397	0,218476
633000	0,245758	0,216957
634000	0,246126	0,21732
635000	0,247076	0,217539
636000	0,24826	0,218616
637000	0,247894	0,220168
638000	0,248894	0,219534
639000	0,25002	0,220633
640000	0,249083	0,219553
641000	0,248898	0,219762
642000	0,248627	0,221683
643000	0,250376	0,222723
644000	0,251524	0,221753
645000	0,250383	0,220235
646000	0,251947	0,220842
647000	0,252191	0,222905
648000	0,251689	0,222696
649000	0,251033	0,224552
650000	0,252438	0,225929
651000	0,252833	0,225248
652000	0,252988	0,224485
653000	0,252884	0,22441
654000	0,252924	0,225073
655000	0,25468	0,224423
656000	0,253432	0,224487
657000	0,254567	0,225841
658000	0,255305	0,227569
659000	0,254807	0,226751
660000	0,255411	0,226838
661000	0,257189	0,228438
662000	0,256307	0,227426
663000	0,257546	0,227914
664000	0,257235	0,228945
665000	0,258393	0,230709
666000	0,261039	0,249195
667000	0,26057	0,229232
668000	0,26052	0,230507
669000	0,261702	0,229416
670000	0,261727	0,230669
671000	0,262617	0,232044
672000	0,261009	0,230178
673000	0,261856	0,232715
674000	0,264176	0,232843
675000	0,26245	0,240417
676000	0,268431	0,237303
677000	0,2656	0,232756
678000	0,265741	0,234863
679000	0,270193	0,234262
680000	0,264796	0,234772
681000	0,266749	0,236385
682000	0,265736	0,23522
683000	0,266825	0,235909
684000	0,267481	0,235717
685000	0,268874	0,237661
686000	0,269624	0,236111
687000	0,269282	0,239931
688000	0,269259	0,239487
689000	0,269418	0,237118
690000	0,270515	0,238333
691000	0,271154	0,237971
692000	0,271183	0,23972
693000	0,27143	0,23894
694000	0,273096	0,240015
695000	0,272153	0,240913
696000	0,272972	0,241412
697000	0,272849	0,242013
698000	0,273456	0,242139
699000	0,274795	0,242417
700000	0,275238	0,242458
701000	0,274565	0,242827
702000	0,275471	0,2422
703000	0,276179	0,243641
704000	0,275802	0,243594
705000	0,275441	0,243939
706000	0,276911	0,246314
707000	0,278057	0,246142
708000	0,278376	0,245986
709000	0,278323	0,250112
710000	0,277998	0,24562
711000	0,278352	0,245993
712000	0,279623	0,246273
713000	0,279044	0,247172
714000	0,278666	0,248547
715000	0,278541	0,246826
716000	0,281497	0,247212
717000	0,280454	0,24804
718000	0,28017	0,248406
719000	0,281363	0,249226
720000	0,281208	0,248255
721000	0,281968	0,248144
722000	0,288534	0,252693
723000	0,281654	0,249171
724000	0,282957	0,251092
725000	0,284104	0,25294
726000	0,284573	0,251844
727000	0,283505	0,251242
728000	0,283757	0,250613
729000	0,284837	0,252054
730000	0,284955	0,252269
731000	0,285534	0,253541
732000	0,28672	0,253741
733000	0,286025	0,253943
734000	0,288216	0,253948
735000	0,288312	0,254751
736000	0,287329	0,25679
737000	0,287717	0,255024
738000	0,289628	0,255602
739000	0,289514	0,258061
740000	0,290637	0,256102
741000	0,290536	0,259332
742000	0,289299	0,25717
743000	0,290283	0,258059
744000	0,290684	0,259592
745000	0,290956	0,258349
746000	0,292457	0,258527
747000	0,293243	0,259483
748000	0,293163	0,261034
749000	0,293297	0,258784
750000	0,294943	0,26215
751000	0,292828	0,261339
752000	0,293682	0,261733
753000	0,293321	0,260681
754000	0,295525	0,261676
755000	0,295449	0,263013
756000	0,302976	0,270239
757000	0,296054	0,261897
758000	0,298935	0,264708
759000	0,297667	0,265535
760000	0,298862	0,262288
761000	0,298441	0,265485
762000	0,297216	0,264415
763000	0,297886	0,26563
764000	0,298661	0,264253
765000	0,300222	0,267359
766000	0,298441	0,265385
767000	0,299758	0,26715
768000	0,299304	0,267331
769000	0,301547	0,268062
770000	0,301315	0,266369
771000	0,301009	0,268971
772000	0,303411	0,266969
773000	0,302739	0,267862
774000	0,301845	0,272558
775000	0,303471	0,26829
776000	0,302641	0,273176
777000	0,300832	0,270182
778000	0,303988	0,270179
779000	0,302368	0,269111
780000	0,303068	0,270297
781000	0,304173	0,271388
782000	0,303645	0,271285
783000	0,305717	0,277178
784000	0,305517	0,2722
785000	0,305368	0,271398
786000	0,305126	0,27467
787000	0,305028	0,274748
788000	0,306908	0,272305
789000	0,307682	0,273655
790000	0,307834	0,277618
791000	0,309511	0,275357
792000	0,310727	0,276873
793000	0,311617	0,277292
794000	0,311093	0,277835
795000	0,310216	0,277948
796000	0,311223	0,276311
797000	0,313016	0,276471
798000	0,313278	0,278774
799000	0,313837	0,279032
800000	0,313387	0,279223
801000	0,313346	0,281128
802000	0,31395	0,278784
803000	0,314875	0,279317
804000	0,316616	0,279136
805000	0,316295	0,279398
806000	0,317002	0,283254
807000	0,317707	0,281959
808000	0,318409	0,280584
809000	0,317514	0,282406
810000	0,317756	0,282458
811000	0,319812	0,28505
812000	0,320178	0,283472
813000	0,319117	0,284769
814000	0,320999	0,283875
815000	0,321762	0,284877
816000	0,322032	0,284902
817000	0,321766	0,287488
818000	0,322065	0,285884
819000	0,322254	0,28645
820000	0,324628	0,285593
821000	0,322157	0,292276
822000	0,327562	0,286716
823000	0,324199	0,290356
824000	0,326675	0,288416
825000	0,326036	0,290147
826000	0,326802	0,291936
827000	0,326275	0,29219
828000	0,328688	0,291209
829000	0,327544	0,291159
830000	0,328288	0,292623
831000	0,328586	0,292969
832000	0,330446	0,291001
833000	0,329447	0,29159
834000	0,330715	0,292498
835000	0,329556	0,292117
836000	0,330422	0,292887
837000	0,345185	0,295527
838000	0,331208	0,295301
839000	0,332399	0,295212
840000	0,333033	0,294877
841000	0,334994	0,297789
842000	0,334366	0,295013
843000	0,334388	0,295308
844000	0,334557	0,29807
845000	0,334031	0,29713
846000	0,333803	0,298061
847000	0,336316	0,297289
848000	0,335819	0,29816
849000	0,336656	0,297964
850000	0,335967	0,299731
851000	0,337672	0,30443
852000	0,337118	0,299574
853000	0,338298	0,301085
854000	0,338392	0,301921
855000	0,33922	0,301206
856000	0,338972	0,301438
857000	0,339303	0,304497
858000	0,340473	0,301309
859000	0,341607	0,301289
860000	0,341137	0,304524
861000	0,341973	0,303349
862000	0,341785	0,304591
863000	0,343553	0,306088
864000	0,342237	0,304725
865000	0,342737	0,304094
866000	0,345687	0,30421
867000	0,343681	0,305081
868000	0,34387	0,30616
869000	0,345602	0,307051
870000	0,345745	0,30679
871000	0,34563	0,306443
872000	0,344735	0,306458
873000	0,348228	0,308865
874000	0,346253	0,307711
875000	0,346921	0,309153
876000	0,348472	0,30829
877000	0,348349	0,308852
878000	0,348433	0,308103
879000	0,349593	0,309427
880000	0,349462	0,313168
881000	0,348791	0,313377
882000	0,351262	0,311144
883000	0,349638	0,310548
884000	0,350445	0,312097
885000	0,350414	0,311229
886000	0,35183	0,311283
887000	0,351676	0,316448
888000	0,351053	0,312844
889000	0,351233	0,313673
890000	0,352003	0,315089
891000	0,353939	0,317702
892000	0,353993	0,31475
893000	0,353865	0,315276
894000	0,352214	0,32508
895000	0,353471	0,316339
896000	0,354185	0,314473
897000	0,357406	0,317495
898000	0,35785	0,31701
899000	0,355746	0,319553
900000	0,356572	0,316665
901000	0,362632	0,317931
902000	0,355607	0,321335
903000	0,356436	0,322643
904000	0,358662	0,322551
905000	0,35739	0,321885
906000	0,358116	0,321119
907000	0,358976	0,320333
908000	0,36096	0,320678
909000	0,359943	0,32014
910000	0,357942	0,320535
911000	0,361053	0,321278
912000	0,360958	0,322616
913000	0,361073	0,323744
914000	0,361504	0,322071
915000	0,361478	0,322383
916000	0,362992	0,323063
917000	0,362519	0,324547
918000	0,369098	0,340831
919000	0,363302	0,323891
920000	0,363502	0,327066
921000	0,365032	0,327482
922000	0,366619	0,324875
923000	0,36425	0,329347
924000	0,364722	0,325947
925000	0,367493	0,326809
926000	0,366325	0,327434
927000	0,365428	0,328322
928000	0,368152	0,32853
929000	0,369018	0,327959
930000	0,368556	0,329998
931000	0,36907	0,329637
932000	0,372459	0,329455
933000	0,369452	0,332491
934000	0,369999	0,330075
935000	0,375835	0,33385
936000	0,372652	0,332026
937000	0,371241	0,333219
938000	0,373306	0,331808
939000	0,372516	0,332984
940000	0,374169	0,331839
941000	0,374778	0,33253
942000	0,375624	0,333108
943000	0,375451	0,335999
944000	0,376674	0,334118
945000	0,375406	0,33415
946000	0,377155	0,337158
947000	0,377374	0,336109
948000	0,378432	0,337799
949000	0,378427	0,337423
950000	0,378713	0,338381
951000	0,380792	0,33818
952000	0,380621	0,336602
953000	0,380461	0,339049
954000	0,382831	0,337439
955000	0,381727	0,338102
956000	0,382497	0,337665
957000	0,381777	0,338342
958000	0,381583	0,338486
959000	0,383438	0,339399
960000	0,384629	0,339616
961000	0,387073	0,339947
962000	0,384636	0,341454
963000	0,385356	0,341144
964000	0,386894	0,342263
965000	0,386682	0,345162
966000	0,388715	0,342433
967000	0,388322	0,345072
968000	0,387904	0,345903
969000	0,390182	0,345865
970000	0,388652	0,345269
971000	0,388672	0,346688
972000	0,391155	0,344234
973000	0,389299	0,345827
974000	0,392178	0,343683
975000	0,389789	0,347305
976000	0,391132	0,348348
977000	0,390491	0,346345
978000	0,389697	0,348935
979000	0,392769	0,350232
980000	0,393938	0,34811
981000	0,393866	0,350611
982000	0,392927	0,347767
983000	0,392652	0,348198
984000	0,393782	0,349542
985000	0,394556	0,349175
986000	0,394572	0,349424
987000	0,394917	0,351339
988000	0,397398	0,34942
989000	0,397627	0,353764
990000	0,396167	0,350258
991000	0,397333	0,352132
992000	0,397664	0,351817
993000	0,399796	0,352152
994000	0,407972	0,360147
995000	0,398804	0,357626
996000	0,399327	0,353076
997000	0,399053	0,355425
998000	0,40175	0,35747
999000	0,400861	0,355081
1000000	0,401908	0,354326
